1733873821406 0.6324999928474426 0
1733873828140 0.7289062738418579 1
1733873834545 0.7692187428474426 2
1733873840725 0.7870312333106995 3
1733873846887 0.7959374785423279 4
1733873853153 0.8050000071525574 5
1733873859359 0.8182812333106995 6
1733873865513 0.8239062428474426 7
1733873871905 0.8362500071525574 8
1733873877915 0.8531249761581421 9
1733873883836 0.8592187762260437 10
1733873889839 0.8714062571525574 11
1733873895994 0.8876562714576721 12
1733873901936 0.891406238079071 13
1733873907935 0.8943750262260437 14
1733873913995 0.8956249952316284 15
1733873919932 0.88671875 16
1733873925858 0.8826562762260437 17
1733873931794 0.8996875286102295 18
1733873937752 0.9121875166893005 19
