1733873821431 0.9610105752944946 0
1733873828152 0.7187685370445251 1
1733873834558 0.6151228547096252 2
1733873840735 0.5566399097442627 3
1733873846896 0.532138466835022 4
1733873853163 0.5007049441337585 5
1733873859369 0.47252219915390015 6
1733873865522 0.4515523612499237 7
1733873871927 0.43499991297721863 8
1733873877926 0.38817736506462097 9
1733873883846 0.3735983371734619 10
1733873889849 0.339193195104599 11
1733873896003 0.3089301586151123 12
1733873901947 0.2998692989349365 13
1733873907942 0.27865105867385864 14
1733873914013 0.279803603887558 15
1733873919943 0.2933254539966583 16
1733873925868 0.3139182925224304 17
1733873931821 0.26928579807281494 18
1733873937761 0.23705270886421204 19
