1733874844737 0.7542205963605878 0
1733874851322 0.7297647386245507 1
1733874857925 0.7909867938928624 2
1733874864400 0.7359910314993621 3
1733874870929 0.7580833863365166 4
1733874877474 0.7881783542272746 5
1733874883921 0.7818507295973007 6
1733874890754 0.7654679980100689 7
1733874897348 0.8269791076978577 8
1733874903632 0.8448286134742431 9
1733874910297 0.8015881589243569 10
1733874916615 0.7835748411775577 11
1733874923014 0.8389110972315751 12
1733874929351 0.8545282692493464 13
1733874935731 0.8413396304219575 14
