1733874844264 0.9640576839447021 0
1733874850915 0.6691652536392212 1
1733874857522 0.5685048699378967 2
1733874864007 0.540492832660675 3
1733874870514 0.5276184678077698 4
1733874877069 0.49599289894104004 5
1733874883528 0.47431400418281555 6
1733874890348 0.4511505961418152 7
1733874896911 0.44901368021965027 8
1733874903186 0.42338475584983826 9
1733874909893 0.39959439635276794 10
1733874916218 0.4277966618537903 11
1733874922650 0.4353393614292145 12
1733874928970 0.37930828332901 13
1733874935340 0.3392621576786041 14
