1733874844250 0.6332812309265137 0
1733874850898 0.7448437213897705 1
1733874857512 0.7790625095367432 2
1733874863996 0.7895312309265137 3
1733874870500 0.79296875 4
1733874877056 0.8096874952316284 5
1733874883518 0.8098437786102295 6
1733874890335 0.8218749761581421 7
1733874896900 0.8251562714576721 8
1733874903177 0.8329687714576721 9
1733874909886 0.8421875238418579 10
1733874916202 0.8389062285423279 11
1733874922635 0.8401562571525574 12
1733874928961 0.8595312237739563 13
1733874935320 0.8745312690734863 14
